1 8.569177 2.139725 -1.406472 1.416870
11 9.183226 2.550272 -0.780169 0.796590
2 8.597987 2.191152 -1.406472 1.416870
12 9.165385 2.451213 -0.780169 0.796590
3 8.531333 2.332494 -1.406472 1.416870
13 8.830175 2.738641 -0.780169 0.796590
4 8.682717 2.031226 -1.406472 1.416870
14 9.335085 2.378631 -0.780169 0.796590
5 8.400142 2.059976 -1.406472 1.416870
15 9.201136 2.377258 -0.780169 0.796590
6 8.530606 2.163446 -1.406472 1.416870
16 9.053453 2.755628 -0.780169 0.796590
7 8.489838 2.086092 -1.406472 1.416870
17 9.124634 2.596656 -0.780169 0.796590
8 8.549912 2.128652 -1.406472 1.416870
18 9.187301 2.633380 -0.780169 0.796590
9 8.513573 2.144394 -1.406472 1.416870
19 9.266440 2.554372 -0.780169 0.796590
10 8.646369 2.447357 -1.406472 1.416870
20 9.210467 2.158028 -0.780169 0.796590
1 8.471003 2.258080 -1.400821 1.436872
11 9.052440 2.659051 -0.828646 0.862379
2 8.434611 2.311247 -1.400821 1.436872
12 9.069914 2.525002 -0.828646 0.862379
3 8.411397 2.502198 -1.400821 1.436872
13 8.734012 2.852313 -0.828646 0.862379
4 8.502243 2.211728 -1.400821 1.436872
14 9.235566 2.435327 -0.828646 0.862379
5 8.307407 2.200793 -1.400821 1.436872
15 9.098914 2.452712 -0.828646 0.862379
6 8.390055 2.291727 -1.400821 1.436872
16 9.001222 2.794963 -0.828646 0.862379
7 8.337108 2.221556 -1.400821 1.436872
17 8.985059 2.690909 -0.828646 0.862379
8 8.408449 2.257367 -1.400821 1.436872
18 9.090909 2.689400 -0.828646 0.862379
9 8.372052 2.263450 -1.400821 1.436872
19 9.147961 2.615973 -0.828646 0.862379
10 8.559301 2.590461 -1.400821 1.436872
20 9.077781 2.218935 -0.828646 0.862379
1 8.317816 2.415981 -1.402827 1.438239
11 8.963767 2.742677 -0.908190 0.933915
2 8.287419 2.499038 -1.402827 1.438239
12 9.022745 2.648449 -0.908190 0.933915
3 8.267285 2.616961 -1.402827 1.438239
13 8.688127 2.980997 -0.908190 0.933915
4 8.342045 2.373359 -1.402827 1.438239
14 9.159605 2.530166 -0.908190 0.933915
5 8.125463 2.361062 -1.402827 1.438239
15 9.013020 2.555739 -0.908190 0.933915
6 8.240172 2.427565 -1.402827 1.438239
16 8.925481 2.940545 -0.908190 0.933915
7 8.184594 2.370999 -1.402827 1.438239
17 8.940580 2.785816 -0.908190 0.933915
8 8.246259 2.402383 -1.402827 1.438239
18 9.020721 2.785026 -0.908190 0.933915
9 8.272242 2.430474 -1.402827 1.438239
19 9.056620 2.714310 -0.908190 0.933915
10 8.376850 2.743600 -1.402827 1.438239
20 8.994422 2.347967 -0.908190 0.933915
1 8.166376 2.539339 -1.416977 1.437905
11 8.894954 2.835789 -0.976290 1.009856
2 8.149077 2.629719 -1.416977 1.437905
12 8.922033 2.732536 -0.976290 1.009856
3 8.108720 2.804140 -1.416977 1.437905
13 8.524177 3.010774 -0.976290 1.009856
4 8.214488 2.511089 -1.416977 1.437905
14 9.069818 2.660671 -0.976290 1.009856
5 8.094967 2.488045 -1.416977 1.437905
15 8.916712 2.634353 -0.976290 1.009856
6 8.168769 2.551211 -1.416977 1.437905
16 8.778749 3.038665 -0.976290 1.009856
7 8.091752 2.511774 -1.416977 1.437905
17 8.794671 2.930879 -0.976290 1.009856
8 8.159770 2.579548 -1.416977 1.437905
18 8.897073 2.890551 -0.976290 1.009856
9 8.058911 2.568384 -1.416977 1.437905
19 8.969836 2.857302 -0.976290 1.009856
10 8.229542 2.908043 -1.416977 1.437905
20 8.904634 2.473077 -0.976290 1.009856
1 8.050292 2.725680 -1.429136 1.453813
11 8.766400 2.926309 -1.041736 1.083215
2 8.028242 2.745025 -1.429136 1.453813
12 8.800409 2.858280 -1.041736 1.083215
3 7.997354 2.919085 -1.429136 1.453813
13 8.429897 3.170219 -1.041736 1.083215
4 8.072188 2.642856 -1.429136 1.453813
14 8.975727 2.748106 -1.041736 1.083215
5 7.889457 2.647462 -1.429136 1.453813
15 8.777039 2.778136 -1.041736 1.083215
6 7.913863 2.709423 -1.429136 1.453813
16 8.717622 3.145160 -1.041736 1.083215
7 7.903749 2.635902 -1.429136 1.453813
17 8.729923 3.010658 -1.041736 1.083215
8 8.026366 2.669097 -1.429136 1.453813
18 8.781794 3.006344 -1.041736 1.083215
9 7.929562 2.696222 -1.429136 1.453813
19 8.847486 2.918212 -1.041736 1.083215
10 8.106088 3.043790 -1.429136 1.453813
20 8.810356 2.571957 -1.041736 1.083215
1 7.885971 2.835819 -1.417481 1.444726
11 8.686734 3.069939 -1.110040 1.147385
2 7.828314 2.946020 -1.417481 1.444726
12 8.710447 2.965095 -1.110040 1.147385
3 7.816959 3.059247 -1.417481 1.444726
13 8.331184 3.264788 -1.110040 1.147385
4 7.942833 2.790567 -1.417481 1.444726
14 8.852566 2.912918 -1.110040 1.147385
5 7.787208 2.785071 -1.417481 1.444726
15 8.716356 2.931497 -1.110040 1.147385
6 7.830812 2.819821 -1.417481 1.444726
16 8.578349 3.242011 -1.110040 1.147385
7 7.790397 2.812147 -1.417481 1.444726
17 8.584577 3.110049 -1.110040 1.147385
8 7.848574 2.847493 -1.417481 1.444726
18 8.678987 3.093181 -1.110040 1.147385
9 7.802309 2.850623 -1.417481 1.444726
19 8.738936 3.076394 -1.110040 1.147385
10 7.975869 3.209489 -1.417481 1.444726
20 8.729094 2.683247 -1.110040 1.147385
1 7.777593 2.992011 -1.412035 1.443347
11 8.540060 3.184483 -1.174552 1.218040
2 7.719068 3.019949 -1.412035 1.443347
12 8.602652 3.091159 -1.174552 1.218040
3 7.697376 3.189988 -1.412035 1.443347
13 8.206557 3.382638 -1.174552 1.218040
4 7.786822 2.941756 -1.412035 1.443347
14 8.738132 2.987412 -1.174552 1.218040
5 7.617090 2.942439 -1.412035 1.443347
15 8.599568 3.008593 -1.174552 1.218040
6 7.682828 3.006748 -1.412035 1.443347
16 8.501807 3.406784 -1.174552 1.218040
7 7.622371 2.914436 -1.412035 1.443347
17 8.470136 3.225559 -1.174552 1.218040
8 7.705011 2.959374 -1.412035 1.443347
18 8.576598 3.254063 -1.174552 1.218040
9 7.637201 3.010823 -1.412035 1.443347
19 8.674277 3.167523 -1.174552 1.218040
10 7.824989 3.335160 -1.412035 1.443347
20 8.544941 2.838794 -1.174552 1.218040
1 7.633035 3.144766 -1.421453 1.436819
11 8.407005 3.306463 -1.242438 1.277500
2 7.585177 3.201261 -1.421453 1.436819
12 8.443034 3.253753 -1.242438 1.277500
3 7.535492 3.357054 -1.421453 1.436819
13 8.115132 3.532443 -1.242438 1.277500
4 7.657504 3.086756 -1.421453 1.436819
14 8.614801 3.130629 -1.242438 1.277500
5 7.487228 3.074694 -1.421453 1.436819
15 8.484462 3.128883 -1.242438 1.277500
6 7.509123 3.166412 -1.421453 1.436819
16 8.362268 3.504377 -1.242438 1.277500
7 7.496404 3.102917 -1.421453 1.436819
17 8.412433 3.356523 -1.242438 1.277500
8 7.596558 3.127740 -1.421453 1.436819
18 8.411612 3.381135 -1.242438 1.277500
9 7.478509 3.170214 -1.421453 1.436819
19 8.486463 3.276278 -1.242438 1.277500
10 7.686180 3.481385 -1.421453 1.436819
20 8.448989 2.926562 -1.242438 1.277500
1 7.448966 3.299269 -1.426052 1.447729
11 8.300036 3.410270 -1.314787 1.347538
2 7.416426 3.347913 -1.426052 1.447729
12 8.327522 3.334565 -1.314787 1.347538
3 7.371205 3.510880 -1.426052 1.447729
13 7.982795 3.659773 -1.314787 1.347538
4 7.507399 3.252223 -1.426052 1.447729
14 8.474470 3.235449 -1.314787 1.347538
5 7.337117 3.236161 -1.426052 1.447729
15 8.349673 3.307253 -1.314787 1.347538
6 7.387272 3.289160 -1.426052 1.447729
16 8.250541 3.638954 -1.314787 1.347538
7 7.354426 3.259247 -1.426052 1.447729
17 8.234932 3.463779 -1.314787 1.347538
8 7.413382 3.314052 -1.426052 1.447729
18 8.316676 3.483849 -1.314787 1.347538
9 7.406432 3.280186 -1.426052 1.447729
19 8.338380 3.440256 -1.314787 1.347538
10 7.526538 3.620970 -1.426052 1.447729
20 8.295903 3.028701 -1.314787 1.347538
1 7.306109 3.393681 -1.441214 1.447045
11 8.150371 3.519881 -1.377674 1.404041
2 7.293025 3.487817 -1.441214 1.447045
12 8.199793 3.511704 -1.377674 1.404041
3 7.246139 3.680103 -1.441214 1.447045
13 7.820811 3.784880 -1.377674 1.404041
4 7.375109 3.368535 -1.441214 1.447045
14 8.324508 3.404510 -1.377674 1.404041
5 7.162213 3.357818 -1.441214 1.447045
15 8.202341 3.424342 -1.377674 1.404041
6 7.263973 3.448488 -1.441214 1.447045
16 8.100215 3.767013 -1.377674 1.404041
7 7.241245 3.395379 -1.441214 1.447045
17 8.088482 3.638148 -1.377674 1.404041
8 7.313255 3.394861 -1.441214 1.447045
18 8.190983 3.631796 -1.377674 1.404041
9 7.231464 3.430270 -1.441214 1.447045
19 8.194556 3.579417 -1.377674 1.404041
10 7.378841 3.774773 -1.441214 1.447045
20 8.159311 3.216842 -1.377674 1.404041
1 7.195406 3.551265 -1.450723 1.437938
11 8.026841 3.733036 -1.450004 1.469863
2 7.173681 3.618924 -1.450723 1.437938
12 8.059253 3.661014 -1.450004 1.469863
3 7.111406 3.774500 -1.450723 1.437938
13 7.699666 3.941620 -1.450004 1.469863
4 7.193613 3.542062 -1.450723 1.437938
14 8.179841 3.581880 -1.450004 1.469863
5 7.035798 3.509490 -1.450723 1.437938
15 8.049452 3.548479 -1.450004 1.469863
6 7.120349 3.600938 -1.450723 1.437938
16 7.951463 3.885996 -1.450004 1.469863
7 7.083958 3.553026 -1.450723 1.437938
17 8.011164 3.811849 -1.450004 1.469863
8 7.162847 3.545159 -1.450723 1.437938
18 8.054754 3.764870 -1.450004 1.469863
9 7.064397 3.583836 -1.450723 1.437938
19 8.126491 3.694815 -1.450004 1.469863
10 7.256476 3.915306 -1.450723 1.437938
20 8.044261 3.358027 -1.450004 1.469863
1 7.032491 3.726474 -1.466235 1.447236
11 7.866700 3.863190 -1.511695 1.541957
2 7.020386 3.793732 -1.466235 1.447236
12 7.871902 3.810505 -1.511695 1.541957
3 6.960606 3.935635 -1.466235 1.447236
13 7.528685 4.112747 -1.511695 1.541957
4 7.054146 3.646715 -1.466235 1.447236
14 8.033513 3.737031 -1.511695 1.541957
5 6.840073 3.650751 -1.466235 1.447236
15 7.902022 3.727674 -1.511695 1.541957
6 6.951307 3.711363 -1.466235 1.447236
16 7.816676 4.080590 -1.511695 1.541957
7 6.940592 3.695654 -1.466235 1.447236
17 7.810771 3.938388 -1.511695 1.541957
8 6.988472 3.739294 -1.466235 1.447236
18 7.901022 3.940778 -1.511695 1.541957
9 6.952994 3.716672 -1.466235 1.447236
19 7.909712 3.844726 -1.511695 1.541957
10 7.110533 4.050812 -1.466235 1.447236
20 7.887495 3.497350 -1.511695 1.541957
1 6.882755 3.820759 -1.455569 1.426244
11 7.671241 4.044275 -1.576021 1.616382
2 6.871182 3.928761 -1.455569 1.426244
12 7.703542 3.945323 -1.576021 1.616382
3 6.869454 4.076851 -1.455569 1.426244
13 7.354059 4.253868 -1.576021 1.616382
4 6.958989 3.801044 -1.455569 1.426244
14 7.872457 3.867169 -1.576021 1.616382
5 6.726471 3.810267 -1.455569 1.426244
15 7.753204 3.862380 -1.576021 1.616382
6 6.815856 3.875348 -1.455569 1.426244
16 7.594153 4.218296 -1.576021 1.616382
7 6.758273 3.808048 -1.455569 1.426244
17 7.642400 4.132323 -1.576021 1.616382
8 6.863909 3.868556 -1.455569 1.426244
18 7.704341 4.122567 -1.576021 1.616382
9 6.811125 3.892183 -1.455569 1.426244
19 7.791757 4.084127 -1.576021 1.616382
10 6.971105 4.191609 -1.455569 1.426244
20 7.708547 3.662037 -1.576021 1.616382
1 6.737283 4.013026 -1.469024 1.426251
11 7.543040 4.234636 -1.646197 1.663674
2 6.736671 4.045482 -1.469024 1.426251
12 7.589427 4.125610 -1.646197 1.663674
3 6.709349 4.226970 -1.469024 1.426251
13 7.175515 4.433610 -1.646197 1.663674
4 6.807122 4.010689 -1.469024 1.426251
14 7.761683 4.055756 -1.646197 1.663674
5 6.598278 3.924679 -1.469024 1.426251
15 7.592553 4.038072 -1.646197 1.663674
6 6.678953 4.050414 -1.469024 1.426251
16 7.460217 4.420228 -1.646197 1.663674
7 6.621646 3.973170 -1.469024 1.426251
17 7.470488 4.264730 -1.646197 1.663674
8 6.688433 3.987889 -1.469024 1.426251
18 7.561228 4.289707 -1.646197 1.663674
9 6.645434 3.999986 -1.469024 1.426251
19 7.611016 4.221500 -1.646197 1.663674
10 6.811278 4.342400 -1.469024 1.426251
20 7.585001 3.864129 -1.646197 1.663674
1 6.622826 4.125115 -1.493676 1.417726
11 7.394597 4.393690 -1.711790 1.736962
2 6.632046 4.202400 -1.493676 1.417726
12 7.401603 4.328155 -1.711790 1.736962
3 6.540250 4.376736 -1.493676 1.417726
13 7.047853 4.601684 -1.711790 1.736962
4 6.645288 4.122611 -1.493676 1.417726
14 7.542749 4.212810 -1.711790 1.736962
5 6.433688 4.120381 -1.493676 1.417726
15 7.420579 4.256569 -1.711790 1.736962
6 6.527715 4.135069 -1.493676 1.417726
16 7.322053 4.561461 -1.711790 1.736962
7 6.480627 4.083752 -1.493676 1.417726
17 7.304149 4.470831 -1.711790 1.736962
8 6.561399 4.152080 -1.493676 1.417726
18 7.422108 4.470075 -1.711790 1.736962
9 6.536247 4.137128 -1.493676 1.417726
19 7.446815 4.420951 -1.711790 1.736962
10 6.643700 4.529185 -1.493676 1.417726
20 7.387093 4.020251 -1.711790 1.736962
1 6.487745 4.266998 -1.498885 1.404936
11 7.153527 4.563509 -1.783063 1.805576
2 6.454620 4.355552 -1.498885 1.404936
12 7.248368 4.473948 -1.783063 1.805576
3 6.405463 4.507007 -1.498885 1.404936
13 6.855991 4.793545 -1.783063 1.805576
4 6.491837 4.208637 -1.498885 1.404936
14 7.395791 4.378282 -1.783063 1.805576
5 6.262643 4.186443 -1.498885 1.404936
15 7.236955 4.395452 -1.783063 1.805576
6 6.407924 4.289129 -1.498885 1.404936
16 7.139426 4.763649 -1.783063 1.805576
7 6.341537 4.225803 -1.498885 1.404936
17 7.099983 4.637566 -1.783063 1.805576
8 6.383147 4.292246 -1.498885 1.404936
18 7.230447 4.632112 -1.783063 1.805576
9 6.363182 4.256462 -1.498885 1.404936
19 7.284203 4.544151 -1.783063 1.805576
10 6.513336 4.626936 -1.498885 1.404936
20 7.169508 4.191649 -1.783063 1.805576
1 6.302450 4.406961 -1.491585 1.395100
11 6.971063 4.741216 -1.853254 1.885063
2 6.296452 4.455771 -1.491585 1.395100
12 7.046206 4.689348 -1.853254 1.885063
3 6.257162 4.675088 -1.491585 1.395100
13 6.675826 4.956644 -1.853254 1.885063
4 6.366407 4.376548 -1.491585 1.395100
14 7.187542 4.589610 -1.853254 1.885063
5 6.129138 4.338466 -1.491585 1.395100
15 7.056012 4.585737 -1.853254 1.885063
6 6.203481 4.430208 -1.491585 1.395100
16 6.959747 4.942418 -1.853254 1.885063
7 6.187069 4.342249 -1.491585 1.395100
17 6.916268 4.831391 -1.853254 1.885063
8 6.291843 4.432536 -1.491585 1.395100
18 7.046296 4.798651 -1.853254 1.885063
9 6.230702 4.423528 -1.491585 1.395100
19 7.045575 4.777720 -1.853254 1.885063
10 6.358872 4.804219 -1.491585 1.395100
20 7.004185 4.380397 -1.853254 1.885063
1 6.169732 4.575719 -1.501655 1.388969
11 6.783313 4.945022 -1.930554 1.947441
2 6.125760 4.617380 -1.501655 1.388969
12 6.823215 4.866502 -1.930554 1.947441
3 6.059408 4.778863 -1.501655 1.388969
13 6.464380 5.171586 -1.930554 1.947441
4 6.169197 4.529306 -1.501655 1.388969
14 7.016714 4.760752 -1.930554 1.947441
5 5.998938 4.522286 -1.501655 1.388969
15 6.861124 4.787904 -1.930554 1.947441
6 6.087499 4.612853 -1.501655 1.388969
16 6.748335 5.162757 -1.930554 1.947441
7 6.049072 4.507769 -1.501655 1.388969
17 6.750103 5.065355 -1.930554 1.947441
8 6.102767 4.530887 -1.501655 1.388969
18 6.811092 5.027764 -1.930554 1.947441
9 6.100358 4.598864 -1.501655 1.388969
19 6.897240 4.936696 -1.930554 1.947441
10 6.213677 4.916387 -1.501655 1.388969
20 6.840199 4.577723 -1.930554 1.947441
1 6.006847 4.732755 -1.486665 1.390347
11 6.617068 5.165166 -2.017133 2.007960
2 5.954974 4.714415 -1.486665 1.390347
12 6.634244 5.061262 -2.017133 2.007960
3 5.959658 4.930926 -1.486665 1.390347
13 6.292909 5.382009 -2.017133 2.007960
4 6.056874 4.703105 -1.486665 1.390347
14 6.795896 5.001389 -2.017133 2.007960
5 5.865150 4.631000 -1.486665 1.390347
15 6.662773 4.935298 -2.017133 2.007960
6 5.921040 4.704099 -1.486665 1.390347
16 6.517606 5.299381 -2.017133 2.007960
7 5.902023 4.632716 -1.486665 1.390347
17 6.549528 5.181045 -2.017133 2.007960
8 6.000916 4.718203 -1.486665 1.390347
18 6.596064 5.236472 -2.017133 2.007960
9 5.906364 4.663216 -1.486665 1.390347
19 6.692917 5.163064 -2.017133 2.007960
10 6.058506 5.034013 -1.486665 1.390347
20 6.626933 4.761470 -2.017133 2.007960
1 5.822912 4.837200 -1.483789 1.395017
11 6.401983 5.378346 -2.087798 2.081932
2 5.847713 4.884648 -1.483789 1.395017
12 6.413280 5.261741 -2.087798 2.081932
3 5.785625 5.089925 -1.483789 1.395017
13 6.086865 5.586192 -2.087798 2.081932
4 5.868863 4.777110 -1.483789 1.395017
14 6.589671 5.216103 -2.087798 2.081932
5 5.684191 4.758026 -1.483789 1.395017
15 6.437315 5.178965 -2.087798 2.081932
6 5.756053 4.832859 -1.483789 1.395017
16 6.323421 5.527719 -2.087798 2.081932
7 5.758036 4.813671 -1.483789 1.395017
17 6.349923 5.464428 -2.087798 2.081932
8 5.825735 4.860999 -1.483789 1.395017
18 6.435597 5.422429 -2.087798 2.081932
9 5.762684 4.809273 -1.483789 1.395017
19 6.477854 5.371660 -2.087798 2.081932
10 5.921713 5.186074 -1.483789 1.395017
20 6.419564 4.967314 -2.087798 2.081932
1 5.726330 4.996980 -1.481072 1.398603
11 6.148767 5.538100 -2.162032 2.153966
2 5.652154 5.043422 -1.481072 1.398603
12 6.199801 5.531138 -2.162032 2.153966
3 5.653379 5.250890 -1.481072 1.398603
13 5.836409 5.781000 -2.162032 2.153966
4 5.704098 4.916717 -1.481072 1.398603
14 6.359250 5.416394 -2.162032 2.153966
5 5.547923 4.879010 -1.481072 1.398603
15 6.211197 5.419014 -2.162032 2.153966
6 5.663014 4.978879 -1.481072 1.398603
16 6.128286 5.786321 -2.162032 2.153966
7 5.611421 4.931796 -1.481072 1.398603
17 6.099710 5.630477 -2.162032 2.153966
8 5.667671 4.973425 -1.481072 1.398603
18 6.186347 5.643118 -2.162032 2.153966
9 5.601494 4.967004 -1.481072 1.398603
19 6.254639 5.574844 -2.162032 2.153966
10 5.775584 5.355282 -1.481072 1.398603
20 6.230189 5.186537 -2.162032 2.153966
1 5.607603 5.106974 -1.484487 1.419181
11 5.982568 5.822532 -2.236488 2.222775
2 5.531977 5.188588 -1.484487 1.419181
12 5.987023 5.705820 -2.236488 2.222775
3 5.515367 5.360147 -1.484487 1.419181
13 5.634992 6.050864 -2.236488 2.222775
4 5.586564 5.087477 -1.484487 1.419181
14 6.150936 5.609787 -2.236488 2.222775
5 5.388690 5.076841 -1.484487 1.419181
15 6.016329 5.598239 -2.236488 2.222775
6 5.469380 5.107190 -1.484487 1.419181
16 5.925934 6.001466 -2.236488 2.222775
7 5.455782 5.045151 -1.484487 1.419181
17 5.892018 5.836030 -2.236488 2.222775
8 5.503671 5.130789 -1.484487 1.419181
18 5.944872 5.878711 -2.236488 2.222775
9 5.423093 5.129940 -1.484487 1.419181
19 6.049612 5.809316 -2.236488 2.222775
10 5.617976 5.449615 -1.484487 1.419181
20 5.966680 5.418253 -2.236488 2.222775
1 5.386908 5.230994 -1.499052 1.432400
11 5.747889 6.018709 -2.302326 2.277819
2 5.367411 5.322289 -1.499052 1.432400
12 5.753308 5.933786 -2.302326 2.277819
3 5.341040 5.463835 -1.499052 1.432400
13 5.388835 6.270063 -2.302326 2.277819
4 5.481557 5.225531 -1.499052 1.432400
14 5.913978 5.857280 -2.302326 2.277819
5 5.242990 5.214601 -1.499052 1.432400
15 5.766540 5.842585 -2.302326 2.277819
6 5.314046 5.261870 -1.499052 1.432400
16 5.682358 6.196899 -2.302326 2.277819
7 5.287078 5.223912 -1.499052 1.432400
17 5.665415 6.063043 -2.302326 2.277819
8 5.385541 5.265915 -1.499052 1.432400
18 5.731941 6.097516 -2.302326 2.277819
9 5.285388 5.288912 -1.499052 1.432400
19 5.795526 6.023568 -2.302326 2.277819
10 5.481005 5.612884 -1.499052 1.432400
20 5.778287 5.656845 -2.302326 2.277819
1 5.276918 5.387067 -1.519032 1.428829
11 5.503137 6.252178 -2.376401 2.351034
2 5.222023 5.481569 -1.519032 1.428829
12 5.534902 6.186581 -2.376401 2.351034
3 5.208851 5.646631 -1.519032 1.428829
13 5.164627 6.500801 -2.376401 2.351034
4 5.301850 5.338226 -1.519032 1.428829
14 5.672716 6.108594 -2.376401 2.351034
5 5.083329 5.360720 -1.519032 1.428829
15 5.546279 6.096455 -2.376401 2.351034
6 5.120714 5.428351 -1.519032 1.428829
16 5.466712 6.474088 -2.376401 2.351034
7 5.156848 5.385844 -1.519032 1.428829
17 5.446925 6.364517 -2.376401 2.351034
8 5.214507 5.388046 -1.519032 1.428829
18 5.513153 6.291348 -2.376401 2.351034
9 5.149840 5.391064 -1.519032 1.428829
19 5.549829 6.229187 -2.376401 2.351034
10 5.326936 5.759822 -1.519032 1.428829
20 5.527206 5.866867 -2.376401 2.351034
1 5.109597 5.548259 -1.496380 1.428350
11 5.235937 6.539731 -2.462630 2.426186
2 5.068148 5.606772 -1.496380 1.428350
12 5.285555 6.419982 -2.462630 2.426186
3 5.034637 5.785615 -1.496380 1.428350
13 4.917515 6.746219 -2.462630 2.426186
4 5.161426 5.510099 -1.496380 1.428350
14 5.448863 6.339266 -2.462630 2.426186
5 4.941351 5.478038 -1.496380 1.428350
15 5.286715 6.364052 -2.462630 2.426186
6 4.998615 5.540645 -1.496380 1.428350
16 5.182584 6.707245 -2.462630 2.426186
7 4.994440 5.500571 -1.496380 1.428350
17 5.182685 6.545128 -2.462630 2.426186
8 5.073527 5.551364 -1.496380 1.428350
18 5.248326 6.564931 -2.462630 2.426186
9 5.001674 5.562041 -1.496380 1.428350
19 5.298069 6.524768 -2.462630 2.426186
10 5.179926 5.895836 -1.496380 1.428350
20 5.253276 6.133258 -2.462630 2.426186
1 4.936000 5.706383 -1.491517 1.431659
11 4.979464 6.775478 -2.520662 2.507801
2 4.933222 5.727911 -1.491517 1.431659
12 5.025128 6.628689 -2.520662 2.507801
3 4.922827 5.898891 -1.491517 1.431659
13 4.677439 7.013190 -2.520662 2.507801
4 5.002084 5.656191 -1.491517 1.431659
14 5.188741 6.569331 -2.520662 2.507801
5 4.805345 5.599551 -1.491517 1.431659
15 5.039006 6.602886 -2.520662 2.507801
6 4.872457 5.670991 -1.491517 1.431659
16 4.924780 6.969425 -2.520662 2.507801
7 4.841667 5.662298 -1.491517 1.431659
17 4.919604 6.789979 -2.520662 2.507801
8 4.917745 5.678531 -1.491517 1.431659
18 5.023027 6.824704 -2.520662 2.507801
9 4.804277 5.719586 -1.491517 1.431659
19 5.055537 6.825950 -2.520662 2.507801
10 5.024882 6.013428 -1.491517 1.431659
20 5.027598 6.372891 -2.520662 2.507801
1 4.786155 5.825799 -1.509689 1.426441
11 4.737699 7.025458 -2.589758 2.567894
2 4.774312 5.910012 -1.509689 1.426441
12 4.785313 6.921313 -2.589758 2.567894
3 4.758978 6.055867 -1.509689 1.426441
13 4.386644 7.237219 -2.589758 2.567894
4 4.845600 5.804855 -1.509689 1.426441
14 4.946154 6.835228 -2.589758 2.567894
5 4.700900 5.736598 -1.509689 1.426441
15 4.831403 6.805173 -2.589758 2.567894
6 4.736022 5.879078 -1.509689 1.426441
16 4.660331 7.138597 -2.589758 2.567894
7 4.704195 5.806614 -1.509689 1.426441
17 4.681426 7.076259 -2.589758 2.567894
8 4.753902 5.836985 -1.509689 1.426441
18 4.741134 7.069767 -2.589758 2.567894
9 4.684955 5.814632 -1.509689 1.426441
19 4.769797 7.002943 -2.589758 2.567894
10 4.883748 6.174489 -1.509689 1.426441
20 4.789439 6.618115 -2.589758 2.567894
1 4.663125 5.993135 -1.494332 1.435514
11 4.475730 7.295863 -2.656446 2.633221
2 4.626657 6.086880 -1.494332 1.435514
12 4.489827 7.192591 -2.656446 2.633221
3 4.599116 6.238649 -1.494332 1.435514
13 4.135428 7.497181 -2.656446 2.633221
4 4.667217 5.937535 -1.494332 1.435514
14 4.646469 7.128849 -2.656446 2.633221
5 4.483943 5.954537 -1.494332 1.435514
15 4.498913 7.127639 -2.656446 2.633221
6 4.584483 5.972296 -1.494332 1.435514
16 4.385317 7.460763 -2.656446 2.633221
7 4.528677 5.918685 -1.494332 1.435514
17 4.404807 7.374918 -2.656446 2.633221
8 4.622919 6.017792 -1.494332 1.435514
18 4.476739 7.352391 -2.656446 2.633221
9 4.599694 5.989585 -1.494332 1.435514
19 4.566926 7.285707 -2.656446 2.633221
10 4.732801 6.324242 -1.494332 1.435514
20 4.498693 6.942735 -2.656446 2.633221
1 4.502378 6.110754 -1.495550 1.442922
11 4.169843 7.544196 -2.735564 2.700437
2 4.519120 6.158954 -1.495550 1.442922
12 4.225717 7.462611 -2.735564 2.700437
3 4.411282 6.391183 -1.495550 1.442922
13 3.884075 7.769335 -2.735564 2.700437
4 4.533627 6.080602 -1.495550 1.442922
14 4.353860 7.352785 -2.735564 2.700437
5 4.346022 6.054045 -1.495550 1.442922
15 4.259843 7.335783 -2.735564 2.700437
6 4.429813 6.115431 -1.495550 1.442922
16 4.180785 7.762129 -2.735564 2.700437
7 4.359364 6.077853 -1.495550 1.442922
17 4.102130 7.617314 -2.735564 2.700437
8 4.480834 6.154663 -1.495550 1.442922
18 4.174184 7.589518 -2.735564 2.700437
9 4.425297 6.129554 -1.495550 1.442922
19 4.263922 7.570249 -2.735564 2.700437
10 4.548660 6.475701 -1.495550 1.442922
20 4.236448 7.143341 -2.735564 2.700437
1 4.355720 6.258339 -1.505327 1.448981
11 3.931611 7.789969 -2.807412 2.778793
2 4.372172 6.343382 -1.505327 1.448981
12 3.942197 7.739256 -2.807412 2.778793
3 4.311337 6.522173 -1.505327 1.448981
13 3.581938 8.058634 -2.807412 2.778793
4 4.388825 6.239166 -1.505327 1.448981
14 4.066441 7.643659 -2.807412 2.778793
5 4.195736 6.216299 -1.505327 1.448981
15 3.960319 7.631815 -2.807412 2.778793
6 4.271686 6.290883 -1.505327 1.448981
16 3.845654 8.013695 -2.807412 2.778793
7 4.271622 6.258237 -1.505327 1.448981
17 3.825565 7.910598 -2.807412 2.778793
8 4.315010 6.242069 -1.505327 1.448981
18 3.911741 7.881453 -2.807412 2.778793
9 4.245313 6.261395 -1.505327 1.448981
19 3.969506 7.816510 -2.807412 2.778793
10 4.422720 6.579026 -1.505327 1.448981
20 3.935633 7.417687 -2.807412 2.778793
